$ANSIBLE_VAULT;1.1;AES256
32376164363431636135636663633230353866386433363666303238373333346161363864306538
6333646430393866383764353535346137346430613235300a363833643834353361656266656533
39323837366363383935643938396165666531653834396461653334333064333266306265613033
3634656561336262380a363064666331323866303465656130363162316233386138626465663230
37636562393638636264366662633839306461646338386436646634633864316230373535373438
37613164366139373536626432666266646335663433663362326365393462316564396263316162
34373561363035623766646438333132303664353834316638656437663966363335356134313661
37346135383163663838623436306130393766363339316638396633313036323735653831363539
32643237323431333932306563323735376462323936653632336133316666306436386361653065
66333033663730633939343635306536613563303136626261333039626263356432613264356234
33383364633533646638363135353764343938656530306134336562613935363966626336343534
39383962343133306637376636316137333039653565323462376638313431623765366532666462
65343930326135666238633661393236633535646135396565333335383435343831373661363234
37646237663637663836313139303263643635346330366136646533613133653738616165616637
38336162666362646230333166643137623363663361666337346633313330393866366430633630
65656634663534303563653663333631663037363839623230313365373238613361326338633639
38353837653538333766643361653661663565383830646264366462363761396365653431623665
61663438356235393736303563323463343266353864623062663539666439363735633763333565
64323237316562356231623632346263646462663762613032636336316463656164383866323534
61316538393165646366396463356332613563303962333965616234343336636238316537353331
63343837656535356434333138643037656337653965303266303863636431653565373834333361
33333366623265626361636334316536643631633233303334383037363262303061616331363932
63616133653632623766643832303661386365326661626438333636666331643831616365393335
66383634633034326133353163306565383066313062346232656630393733316264643364313138
62616362613335303232633162666531396363353464346231636130616161333431306465313838
30373233316438373438636130333835636437626163626336646535666532393331326261666332
30613331633432376234383536393238343766396333643337633930386465343531636639323863
39626262363266386433373931386265373366316239616266613930326331383831626631373830
35386133346530356538666637363462633334306562303438626666663130626438396462666565
63333131363033323861383262393030393334616138356339373732643638666134396431616633
63656465633836623865383065666132373335313536303831383335633865303264353665343839
37626262613630306431633835396439383533363133366161396664353232323335306637663030
39383132376439656661396632396434356330613431656435323765633531636630396432353933
61373139633933396465306631616437383037356434366430386263316261313766346635663664
38613233363466613764353836303337623233626465353730376536346661366564313966303966
39353163303536356633623362396539643235386662393065386237643631326563653336633833
32383766373138313466653335383635336536316539373731623561613663656333326339613234
39306466323263333738616431313837383033383965393766663235326563643936353539343563
63303161336631376135666466333933616332636539346536356662376231383430356562356531
61613865393665393532376234656462363134313732633739383939373832326536393233626234
63643936313262663362373766653337363930323334653237623434663232333832653338643432
61646135636631333261356564633733666365623162653639353463666434336235313266363133
63363835613439323431643432396232323464333232613465386463373030353465373265326631
61353937303766333732623064326365633033363132613865373130343430333838313831366466
33613961646665393761316231346665666631636635633766366161346463353430356130626364
35346133623061623263643663656665386130356663386662363838353439346430343033396235
37316432363138343266396337343964376165336263633231336232623065346262663263323235
37626337613630623330356436626662303665393637613836613235303062626139363035393463
35336465363439663137393933366339623264366530343366373639613833313333383766333430
66323034313866613134623138623331323934376631323936393064333362636438366664653937
62343337643866646335353033306261633233613330336432633033316366333130363231393933
31353965633838353165323936396435636537376336303633353464653064626163653363333734
61323463663064363236396631383038356138363638373861393034633264623430353132376337
37653665653634383162366531376538653037303462646461633734313736366263386233343733
34323439366232636164613062356630326362373136653237343366376164643366613961653833
32653036363130323536383938366162333239393264393461326236626431343931383865333030
34623232616335353238613961663934633431366136643931653962636134623138643537363732
33316661336266363962353830343834333530626234333261363561333935663831316664633065
35336430356436653733633663353064643333323033663830353664353834396430376333383362
31303264656561666537366563353266623339383564643361363436383531306632373539336161
34383735663733613063613463373363633437376335316132616437306138363865333561306439
35666461326362346338383266326535363831386232323830653138643035343833333965306131
62616566356133653465326466653663343462343037366531353433333137396635666338396234
64333965326564653435663462303164336266393566366139633561383164313439326661373463
34623961393131643938363336643133633630323039313936303830333838383938336662383037
31376465356539626533373066613839656439363862363931393938643065393030386566353434
39646163373830653034663337313263646266316235303031393865666365323562646334333061
35313663373764323766643462323962303566306238373962363339343430376130643863373866
35303933663739626530386531396162636463303762346263393237353466373832623438373064
62333733326166333230646330353565616631303364343765643238663962303564306537623633
64636666633632313033353663616233626461313266336332353961396361623533636235373634
36633435353232653635666264393139366333376535306137336639623064616237356261643032
65396435396530616335383039633263313432323465363365353239313364623737663336373262
63316463343663323865343435323363356165323330323465643230323131346565636166643434
66663161386631653134303836366438343130623231363538343261656463323162396231366266
30383965653863303565383531633536343738663438633562386331303363656462316331623332
65313239653838623065633162643661616337363134346633353237643661613836393961363465
36366463333334323639353661303864633763303235613439313665663734326665313766616536
61343264323236643033376331366632383266396433663933363834393231393866366431343533
64323633656237366661336139333362323863646362356535323837636638316438623138616631
39343434653736356139323939663038313536306531653232313031303439333839356361663362
63313130363231366332326162396434313230303933666265646361633163633063626133663130
36346632323163613539623838303331356132383865326531346465306262396232643666333337
34653131346664663631633838626361316463613031306130636633653962363931326562346239
33343438643865393439313861313931616133366239386364623337343138636336623266643634
30393365393831396266666134396265326562353063636131366334653739343636316166383233
39613865336365623130663465633434633564633030613435663938373636646230626636656166
37316137336634636130333233633762376338333132653136653035386164383738353838323932
33666435346236356239383031623338386236356334386131333433353736313139643538306432
63633636303138613336633232396435393437663234653837316262623837306265393361616439
64633438636135613234343463633330316234613437333933633733616462626233613835373165
32616637326636653634306166373338396532313331306334633936633365663632623962333231
37653963396361383431326639636465303634306564386436343935353963363065396365636661
39393666363232376462396630363362393537336330626138623831306262356262383663336165
343638323539343965626665383934316564
